54	11
102	3
246	4
4785	1
59	5
1831	1
1830	1
345	1
342	1
132	3
905	2
901	2
2386	1
887	2
1323	1
37	3
92	7
697	1
2271	1
1001	1
177	3
192	4
40	2
106	2
195	3
1920	2
183	4
78	7
248	2
75	8
2650	2
148	3
73	3
385	1
214	4
79	4
166	4
353	1
464	2
194	2
457	2
453	3
455	2
630	3
233	1
11	4
1584	1
656	3
298	1
19	1
21	1
99	7
677	1
959	3
25	2
62	7
991	1
613	3
33	3
156	3
197	5
743	2
432	1
46	3
912	1
51	1
563	2
63	2
1080	2
911	1
259	2
101	4
284	4
748	3
949	1
356	2
135	4
450	3
159	8
157	2
1333	1
1605	2
420	2
188	2
581	1
2032	5
229	1
745	3
299	2
732	3
1286	1
533	1
438	3
555	2
419	1
615	3
1160	2
1253	1
483	1
486	2
989	1
404	4
944	1
1210	1
1032	4
1188	1
1298	1
1526	1
1043	1
1316	1
966	2
1410	1
2907	1
348	1
423	1
1635	1
1	1
22	1
1135	4
2219	1
545	1
220	2
264	4
1171	1
602	1
1226	2
631	1
10	1
39	2
579	3
53	6
95	5
97	5
1255	1
96	4
110	2
673	2
1200	1
675	4
942	2
137	3
975	1
1192	1
1288	2
170	2
394	1
203	1
219	3
1925	1
225	2
689	2
1216	1
868	1
416	1
685	2
705	2
814	2
1018	2
3201	1
906	1
279	2
4	1
4791	1
4789	1
147	4
1074	1
1281	1
481	1
48	6
302	2
173	3
251	1
140	3
93	2
202	1
69	4
81	5
560	1
172	2
90	7
216	4
1047	1
100	4
474	2
236	1
837	1
240	7
129	5
143	3
144	4
154	1
341	2
335	3
168	4
363	1
376	4
201	4
222	2
226	1
510	3
346	2
312	2
283	2
2068	1
361	1
1060	1
594	3
333	1
654	1
445	3
435	2
479	1
534	2
948	1
1271	1
1028	1
598	4
463	3
1229	1
1346	2
733	1
1312	1
889	1
1704	1
1587	2
801	1
1723	1
1024	1
1354	1
1221	1
850	1
1910	2
985	2
683	3
690	1
695	1
1717	1
831	1
505	2
254	2
566	2
1905	2
2025	1
16	3
5	4
433	2
12	2
35	2
43	8
58	2
98	5
66	2
72	2
119	5
76	10
366	2
107	2
52	2
56	8
122	3
241	4
67	3
155	2
182	1
181	5
179	2
84	4
189	3
311	3
378	2
245	3
234	6
256	2
368	1
382	2
242	3
717	4
616	4
139	4
268	1
134	3
297	2
164	5
323	2
334	1
632	1
339	1
327	1
149	2
313	1
609	1
350	1
213	2
187	4
211	5
364	4
1136	3
208	2
583	1
391	2
529	2
504	1
670	1
275	2
439	4
446	1
502	2
224	4
687	1
804	1
318	1
343	1
1174	1
582	1
667	3
574	2
779	1
696	1
386	1
2319	1
708	3
597	1
1254	1
306	2
406	2
466	4
861	1
1832	1
1416	1
596	3
1077	1
980	1
469	1
478	2
521	2
557	1
835	1
909	2
610	2
1241	4
2501	1
568	1
4715	1
1294	1
974	3
1654	1
573	1
1269	1
851	2
1305	2
754	6
1373	1
1182	2
1622	2
2391	1
1202	1
1170	2
2331	1
1782	1
902	1
768	1
813	1
830	3
849	1
2061	1
103	4
866	1
1128	1
1334	1
2	4
23	3
27	9
32	2
71	3
49	3
115	4
91	4
124	3
61	5
68	1
85	3
304	5
87	2
186	3
190	1
104	5
111	7
169	6
120	2
125	5
317	2
205	3
285	2
215	1
161	3
77	4
247	1
332	2
175	1
262	6
86	2
762	2
278	6
664	1
344	3
320	2
243	2
116	4
258	1
511	1
239	2
253	1
761	1
112	5
114	4
288	2
414	2
540	1
426	1
586	2
499	3
338	1
301	2
365	2
387	1
750	1
878	1
576	2
425	2
773	3
461	1
818	2
794	3
441	2
442	2
231	1
1380	1
795	2
735	1
749	1
614	1
882	1
1163	1
319	1
1094	1
963	1
628	4
281	2
658	1
945	1
449	3
567	1
802	4
2353	1
518	1
1057	1
1453	1
1313	1
1099	2
1087	2
657	3
484	1
1470	1
1257	1
1696	2
1492	2
1480	1
3494	1
2480	1
3834	1
728	1
2306	1
3228	3
1280	1
1652	1
2397	1
852	1
4261	1
2464	2
782	1
1982	2
2996	1
3428	2
9	1
26	1
31	3
47	4
64	2
130	2
105	1
280	3
118	3
174	2
83	4
145	4
218	2
310	1
126	2
212	3
360	5
389	1
152	2
369	2
287	1
412	1
516	1
468	2
200	1
282	2
316	1
431	4
601	2
624	1
501	3
485	2
827	1
235	3
232	1
413	2
588	2
544	1
730	2
1695	1
1115	1
539	1
427	1
495	2
462	2
165	5
163	8
331	1
792	2
390	1
877	1
655	3
393	1
619	2
648	1
719	1
507	2
1058	2
1015	1
488	1
669	3
990	1
1027	1
894	1
470	2
494	1
1368	1
1010	2
1361	1
1290	1
437	1
2122	1
506	1
811	1
676	4
660	4
718	1
1335	1
1378	1
595	2
1181	1
1514	1
1405	1
703	1
1496	1
1152	1
855	1
775	1
1130	1
869	1
5857	1
1236	1
1846	1
946	2
875	1
1365	1
842	1
2178	1
1196	1
1390	1
1119	3
1888	1
1263	3
932	3
2339	1
2018	1
1114	2
2400	1
1357	1
644	2
3038	2
702	1
138	3
13	1
17	1
36	2
70	1
55	2
44	1
758	2
146	2
305	1
109	1
136	3
89	2
176	1
133	1
88	1
209	2
210	2
228	4
514	2
722	2
141	1
294	1
367	2
328	2
399	3
415	1
409	2
607	3
402	2
593	2
309	2
650	1
679	1
422	3
325	3
532	3
459	2
372	2
490	4
1436	2
541	2
556	1
564	1
587	2
891	2
746	2
436	1
538	1
890	1
326	1
839	1
530	2
921	1
765	1
623	1
680	1
2522	1
491	2
384	1
547	1
997	2
971	1
536	1
950	1
777	2
1059	1
1046	1
916	3
917	1
571	1
663	1
1332	1
805	2
1161	1
452	1
1129	3
841	6
815	2
958	1
999	1
699	1
1110	4
2218	1
1693	1
477	1
943	1
296	2
947	2
744	1
1430	1
1734	2
1588	1
1827	1
1199	1
1054	2
1282	1
580	1
2656	1
3548	1
381	2
2901	1
1345	1
1992	1
996	1
1700	1
1153	1
1733	1
1256	1
2236	1
2582	1
1279	1
1542	1
1934	1
447	1
893	1
1092	1
740	1
953	1
74	1
45	1
128	2
756	2
2412	1
260	1
196	2
383	1
293	1
150	1
542	1
551	2
273	2
554	1
448	2
553	3
611	2
548	1
584	1
1056	1
715	2
803	1
767	1
1389	1
793	1
907	1
642	1
359	1
931	1
1157	1
1442	1
879	3
1628	1
1791	1
324	1
1187	2
1395	1
1392	1
1079	1
1772	1
1708	1
1547	1
1940	1
1206	1
671	1
162	2
263	2
349	1
307	1
489	4
565	3
635	1
1111	1
856	1
662	3
810	2
1020	1
3167	1
1825	1
1901	1
752	2
14	1
265	1
429	1
606	1
926	1
1156	1
1072	1
1479	2
411	3
643	1
1303	1
204	2
223	1
880	1
290	3
760	1
493	1
535	1
1050	1
1653	2
131	1
1212	1
460	1
193	1
191	1
498	1
492	1
